0.0 0.0 0.0
0.0 0.0 0.0
0.0 0.0 0.0
0.0 0.0 0.0
0.0 0.0 0.0
0.0 0.0 0.0
0.0 0.0 0.0
0.0 0.0 0.0
0.0 0.0 0.0
0.0 0.0 0.0
0.0 0.0 0.0
0.0 0.0 0.0
0.0 0.0 -1.320809828911899e-18
0.0 0.0 -3.5641839329420624e-19
0.0 0.0 4.574584356182243e-20
0.0 0.0 3.1270052007629698e-18
0.0 0.0 0.0
0.0 0.0 -1.5164640486786465e-17
0.0 0.0 3.58296637603839e-18
0.0 0.0 -2.035639711604828e-17
0.0 0.0 -4.2305041245639765e-17
0.0 0.0 7.763879026158937e-17
0.0 0.0 1.4795237444447851e-16
0.0 0.0 -2.3674012827211713e-17
0.0 0.0 0.0
0.0 0.0 1.8430977341584596e-16
0.0 0.0 3.118825531406417e-17
0.0 0.0 -1.9848169925180723e-16
0.0 0.0 1.304405438407226e-16
0.0 0.0 -6.02598961830627e-17
0.0 0.0 9.318178274686824e-17
0.0 0.0 7.693844932881422e-17
0.0 0.0 0.0
0.0 0.0 -1.734723475976807e-16
0.0 0.0 -4.85722573273506e-17
0.0 0.0 -0.0
0.0 0.0 -8.19765516627858e-17
0.0 0.0 -1.71080828781219e-17
0.0 0.0 2.4091571279353037e-16
0.0 0.0 0.0
0.0 0.0 0.0
0.0 0.0 0.0
0.0 0.0 0.0
0.0 0.0 0.0
0.0 0.0 0.0
0.0 0.0 0.0
0.0 0.0 0.0
0.0 0.0 0.0
0.0 0.0 0.0
0.0 0.0 0.0
0.0 0.0 0.0
0.0 0.0 -2.168404344971009e-19
-0.0023325227959593692 0.002284745380378868 -0.00014262115130120247
-0.0053839378302956604 0.0015241306153208236 -0.00035543707126123314
-0.004936499704350131 -0.0010932992953994378 -0.0003855534362797713
0.0009013024294344365 -0.00420429050251018 -0.00012032516913336593
0.012186349537407729 -0.006969608438858815 0.0004437822216599592
0.02785345615569416 -0.008964209399425372 0.0012479059525610683
0.04635225430216132 -0.010072405719929033 0.0022070772800011178
0.0661084467791803 -0.010375516332737348 0.003235550906115569
0.0857906797994912 -0.010050342468510425 0.004261237730531996
0.10441671677167406 -0.009295822795960522 0.005231307872845444
0.12135445139273002 -0.008291039059581562 0.0061120601543532705
0.13626907824305542 -0.007177687723149464 0.006885896765002746
0.14905219418023558 -0.006057579854786372 0.007547372481685741
0.15975297547465472 -0.004997504925237464 0.00809941383458692
0.16852036576213403 -0.004036621101231376 0.008550179837862553
0.17555863210446937 -0.003193841092963553 0.008910674849961704
0.18109540447475084 -0.002474142806891311 0.009193050782174207
0.18536006155973356 -0.0018735205621384279 0.00940947261478675
0.18857010424894138 -0.0013826569200376566 0.009571413517227696
0.19092339458709284 -0.0009895297010314333 0.00968926188260547
0.19259452819736414 -0.000681192048845193 0.009772145779895382
0.19373400757588385 -0.00044493974005558354 0.0098279031412479
0.19446923199295427 -0.00026904033909938 0.009863145496088493
0.19490659553182635 -0.0001431548844693407 0.009883378345616289
0.19513417686965678 -5.853289209615887e-05 0.00989315192700458
0.1952245881161916 -7.98774651384834e-06 0.009896220824257744
0.19523745335778264 1.449264649242582e-05 0.009895684973097459
0.19522052820543218 1.5026722911123468e-05 0.009894053843106885
0.19520733736531304 3.5462859756472067e-06 0.00989308011514386
0.19520733736531304 0.0 0.009893080083521178
0.0 0.0 0.0
0.0 0.0 0.0
0.0 0.0 0.0
0.0 0.0 0.0
0.0 0.0 0.0
0.0 0.0 0.0
0.0 0.0 0.0
0.0 0.0 0.0
0.0 0.0 0.0
0.0 0.0 0.0
0.0 0.0 4.4056469231157e-19
-0.002074554342588178 0.005650635082152591 -0.000380154850914032
-0.002816401190586129 0.0017496121832229873 -0.000811738417223231
0.0030839064190987106 -0.0073916369441791455 -0.0005554030803331018
0.01781759022287825 -0.01795801686087432 0.0007140933306746266
0.0410959045626178 -0.027279690725594188 0.002994710089410582
0.07103416394862319 -0.033948408870654125 0.006081599617737435
0.10508562325014821 -0.03758001154147052 0.00968315468038283
0.14073521722837404 -0.038452560739891735 0.0135056334764079
0.17588721070464358 -0.03716503494465515 0.017301664328265007
0.20900691136187835 -0.03439207358549973 0.020889125946575424
0.2391097328014765 -0.030744279181784143 0.0241509179443709
0.265675825583946 -0.026709169791131714 0.02702507128444506
0.2885410764272768 -0.022641356422560106 0.029491661771805115
0.30779203476482553 -0.018777202615116773 0.031560131223682154
0.3236769561643966 -0.015258399166300642 0.03325861397718455
0.3365363541561295 -0.012156146609457227 0.034625696091630444
0.34675204232742785 -0.009492255382360131 0.03570445534975179
0.3547118280137626 -0.007256023505751029 0.03653840248769942
0.3607865806721574 -0.005416987994301604 0.03716889993936686
0.36531661735226006 -0.003934145914727079 0.037633673212408014
0.3686048236579751 -0.0027623670671740046 0.037966097910048936
0.37091445587962346 -0.0018566762309338946 0.03819501624141146
0.3724700518673905 -0.001174971323867323 0.038344899370772415
0.3734602720657735 -0.0006796063984174606 0.038436221857191484
0.37404177523828747 -0.00033810586833736285 0.038485949482765645
0.37434338035458714 -0.0001230486580820061 0.038508057827322875
0.37446973710472437 -1.0767220332057978e-05 0.038513985091398514
0.3745034969989638 2.224063300687485e-05 0.038512853739296804
0.37450466787597014 7.337970476473358e-06 0.03851113399224124
0.37450466787597014 0.0 0.03851113387525807
0.0 0.0 0.0
0.0 0.0 0.0
0.0 0.0 0.0
0.0 0.0 0.0
0.0 0.0 0.0
0.0 0.0 0.0
0.0 0.0 0.0
0.0 0.0 0.0
0.0 0.0 0.0
0.0 0.0 0.0
0.0 0.0 -1.0420737859809363e-18
-0.0003695385278801298 0.006682352471803798 -0.0005092971078735002
0.004107219266816187 -0.003523974423293552 -0.000773514515837564
0.018867926694720538 -0.022565817593045455 0.0004900149851297659
0.04547561554753096 -0.04345571446814356 0.003801250791800202
0.08251343876207994 -0.061307748163110076 0.009079895771406523
0.12693786942507795 -0.07364092904537359 0.015878838662613408
0.1752895548312955 -0.07992828299814815 0.023606554014913822
0.22445812799292683 -0.08085474988657346 0.03168579902583205
0.2720169651432916 -0.07764971660447992 0.03963978731946324
0.3162803450702335 -0.07163635630392066 0.047122131446434824
0.35622336464066007 -0.06398979037089768 0.05391261839379954
0.3913518916651225 -0.055641713924649755 0.05989670583938659
0.4215672144550723 -0.04726969084139453 0.06504016296158023
0.4470453272933963 -0.03932720435770786 0.0693649619002566
0.4681379068097089 -0.032088095264512506 0.07292904975426769
0.4852956902415365 -0.025691542142534135 0.07581066616286743
0.49901206641210927 -0.020181407401152388 0.07809690547567992
0.5097835916401339 -0.015537987404698346 0.07987583815135847
0.5180839718293504 -0.011702283506144818 0.08123142684680433
0.5243483309235032 -0.008593786153848555 0.08224053509474402
0.5289650502070637 -0.0061230138901251 0.08297144160824542
0.5322729682218638 -0.004200000281447484 0.08348339652599068
0.5345622017140381 -0.002739744427965219 0.08382686695774079
0.5360772465622586 -0.001665408976050616 0.08404420946228595
0.5370213267651944 -0.0009097757870490306 0.08417057220050853
0.5375611750362324 -0.000415116217755847 0.08423486377892082
0.5378315681755819 -0.000131115856578924 0.08426061745362434
0.5379390721446536 -9.714477572628893e-06 0.08426650694653126
0.5379646057431753 5.4750294345743145e-06 0.08426610076554844
0.5379646057431753 0.0 0.08426610052392346
0.0 0.0 0.0
0.0 0.0 0.0
0.0 0.0 0.0
0.0 0.0 0.0
0.0 0.0 0.0
0.0 0.0 0.0
0.0 0.0 0.0
0.0 0.0 0.0
0.0 0.0 0.0
0.0 0.0 0.0
0.0 0.0 -4.36911509775812e-18
0.0020036920588983537 0.0035252984274540045 -0.00043178873090483845
0.013973648499358239 -0.017335165571785514 0.00010779906143749081
0.04096379560725261 -0.049995614468682475 0.0034285772120753975
0.08284300107821163 -0.08343425812263505 0.010132861778624788
0.13603697104731188 -0.11043797000742933 0.019900931108918003
0.19580578503668017 -0.12786742367706033 0.03190131383754888
0.2577784561535368 -0.1355813411064518 0.045150564634527664
0.31857317876658675 -0.13507770895712268 0.05874366373831115
0.37585718996629003 -0.12845307502913716 0.07196207303297218
0.42818740463439553 -0.11778955334462565 0.08429964915313023
0.47480839211577114 -0.104865642300855 0.09544463739242356
0.5154688640366243 -0.09106279756427556 0.1052434798280997
0.5502708906536352 -0.07737472363723819 0.11366102260601717
0.5795509867554303 -0.06446218040120567 0.1207442755887033
0.6037886767306719 -0.05272155604507851 0.12659252266261417
0.6235379303819697 -0.04235125612344094 0.1313342642966783
0.6393773228969386 -0.03340903119064479 0.1351103764093959
0.6518752723426426 -0.025858232174284883 0.1380624514263087
0.661567166227118 -0.019603380856994382 0.14032522113408077
0.6689416252729923 -0.01451646519651955 0.1420220588253129
0.6744335777652573 -0.010455665107475283 0.1432627180707366
0.6784222241251922 -0.007278151351662335 0.1441426347752576
0.6812323447935538 -0.0048483740508075655 0.14474327294532177
0.6831377341498359 -0.0030429599187293413 0.145133121750719
0.6843658274994815 -0.0017529953075163087 0.14536904664151523
0.6851028424694336 -0.0008840678379625563 0.14549775544475446
0.6854990243117784 -0.00035392531823502817 0.14555715309761874
0.6856739424272917 -8.69127487355894e-05 0.14557731155451417
0.6857223564717864 -3.3035020162804936e-06 0.1455806491242926
0.6857223564717864 0.0 0.14558064873356596
0.0 0.0 0.0
0.0 0.0 0.0
0.0 0.0 0.0
0.0 0.0 0.0
0.0 0.0 0.0
0.0 0.0 0.0
0.0 0.0 0.0
0.0 0.0 0.0
0.0 0.0 0.0
0.0 0.0 0.0
0.0 0.0 -0.0
0.005006777650266171 -0.005276746401425694 -8.756352944679896e-05
0.027340792217955753 -0.04303018440973908 0.0021379056662928445
0.07112407975540472 -0.09377706029335567 0.008951587946551808
0.13265339452646005 -0.14126294258411778 0.020784617936123097
0.2047244892819331 -0.17640621635290488 0.03679275617659494
0.2804851993093433 -0.19658502266531785 0.05556704562215598
0.3549724587112342 -0.2030434662538147 0.07565241528328208
0.42509082525796527 -0.1986453826830472 0.09581385463286471
0.4891173963692823 -0.1865592853882721 0.11512522469563047
0.5462476709461422 -0.16964341461474985 0.13296471926288253
0.5962725071593856 -0.15021830723653518 0.1489702664024116
0.6393635547117177 -0.13003385612972435 0.162983069259495
0.675930778731757 -0.11032472070459923 0.17499288149493444
0.706525341595625 -0.09189865610000722 0.18509078244259
0.7317715556726181 -0.07522987205043244 0.1934311887533023
0.7523185665356082 -0.060544345667318804 0.2002028654672175
0.7688063190573636 -0.047891924186391155 0.2056078280823559
0.7818423578511039 -0.03720417731506778 0.2098467394975247
0.7919870118054071 -0.02833897858541918 0.21310941519720294
0.7997450412885523 -0.021113650388409264 0.21556919762088694
0.8055621582883871 -0.015328732904305335 0.21738015902863222
0.8098250863630411 -0.01078433778727603 0.21867629501839334
0.812864055736414 -0.007290792468998166 0.21957205499062157
0.8149568458634202 -0.004674957247920521 0.22016371059852297
0.8163337056673958 -0.002783240455605956 0.22053118380686865
0.8171827250288811 -0.0014819501653819825 0.2207400396576829
0.8176555489903814 -0.0006551873359869258 0.22084339150054694
0.8178738053135549 -0.0001999717674126352 0.22088346209963028
0.8179374204068186 -1.7661854534491798e-05 0.22089248275477313
0.8179374204068186 0.0 0.2208924822053577
0.0 0.0 0.0
0.0 0.0 0.0
0.0 0.0 0.0
0.0 0.0 0.0
0.0 0.0 0.0
0.0 0.0 0.0
0.0 0.0 0.0
0.0 0.0 0.0
0.0 0.0 0.0
0.0 0.0 0.0
0.0 0.0 0.0
0.009276257260512172 -0.02200386191135041 0.0006117799329407878
0.047326918250033434 -0.08588225983474117 0.005796590248210671
0.11529304028774798 -0.1597241720720609 0.018120349041441476
0.2020736030908007 -0.22083938009852527 0.03731720118594924
0.29515635391584666 -0.2604270516743772 0.06157064050949448
0.3860716990290892 -0.2787940740623214 0.08869525654471945
0.4704276355989109 -0.27989030240687385 0.1167537621846046
0.5463356498589418 -0.2683690617278887 0.1442527347238557
0.6132682636665214 -0.24847781516352382 0.1701485743342423
0.6714002036366473 -0.22370540244201673 0.19378559222055586
0.7212569709335334 -0.19673785836377308 0.2148164837830174
0.7635309351159919 -0.16953381017183874 0.23312528043225167
0.7989835401131892 -0.14344061116690154 0.24876027413765547
0.8283908768355984 -0.11931682966818126 0.2618790499354107
0.852511421021576 -0.09764584621903366 0.2727054000323165
0.8720658264072216 -0.0786342391449677 0.28149686509183525
0.8877240464358319 -0.06229313407981313 0.28852126463670724
0.9000975118488407 -0.04850303029330938 0.294040525334657
0.9097351289931602 -0.037063782407036484 0.29830023261940425
0.9171222665685435 -0.02773190231458754 0.3015235274800661
0.9226820492844496 -0.020247432884398946 0.30390819351879245
0.9267783492096077 -0.01435250495363842 0.3056259988643222
0.9297199311363981 -0.009803430571016833 0.3068235563936312
0.9317652952353077 -0.006377874313454181 0.30762413568818847
0.9331278857268086 -0.003878318243374621 0.30812999803780683
0.9339815232016602 -0.002132714646475647 0.3084249311930049
0.9344662166214315 -0.0009929161243638603 0.3085767345688905
0.9346949999960953 -0.00033120055487435537 0.3086394505998305
0.9347632500805652 -3.5012665841768856e-05 0.30865515899363516
0.9347632500805652 0.0 0.30865515829030393
0.0 0.0 0.0
0.0 0.0 0.0
0.0 0.0 0.0
0.0 0.0 0.0
0.0 0.0 0.0
0.0 0.0 0.0
0.0 0.0 0.0
0.0 0.0 0.0
0.0 0.0 0.0
0.0 0.0 0.0
0.0 0.0 -2.9022962433207046e-17
0.01686755237983653 -0.05185321577066606 0.0018784151061400287
0.08246607230720032 -0.1558388444551994 0.012108390249931537
0.18680006790268744 -0.2560829004771001 0.03292146490579628
0.3042377434723132 -0.32530193463900686 0.062290802946571446
0.41720177186096963 -0.3613997759462657 0.09687781206801546
0.5189734186613497 -0.3711316559625717 0.13369189275591173
0.6078373619032544 -0.3618320596772 0.1704697607143666
0.684139098042061 -0.3397714843447164 0.20563293872172653
0.74897591074303 -0.30991228409242033 0.23816410341999092
0.8036474993589549 -0.27602878026099237 0.2674812520910631
0.8494362659337298 -0.24089414100799733 0.2933281549652771
0.8875282103370602 -0.2064646760739908 0.3156835861150026
0.9189918726297326 -0.17404576216237136 0.3346881085647572
0.9447794985374126 -0.144436512311037 0.35058639404004327
0.9657353243682367 -0.11805315808987467 0.3636829409129154
0.9826050882428472 -0.09503195826378505 0.37430909751162583
0.9960448615319938 -0.07531299000494586 0.38279940700157244
1.0066288882189163 -0.05870663454556571 0.3894754493337533
1.0148566402609078 -0.04494488559861652 0.3946355542004943
1.0211593693378553 -0.033719748591270825 0.3985489802695178
1.025906352084853 -0.024710972604853883 0.4014533827161247
1.0294109170760337 -0.017605204212528546 0.4035546084849328
1.0319362604829894 -0.012108420372509822 0.4050280564948271
1.0337010241290705 -0.00795322991036955 0.4060210124637642
1.0348846373776457 -0.004902367125340973 0.4066555135279897
1.0356325324006077 -0.0027494701471632516 0.40703141820896804
1.036061567286827 -0.0013180775489651203 0.40722945782080716
1.0362663949306667 -0.0004597408952784962 0.40731413568239877
1.0363281888872986 -5.2321911041224654e-05 0.4073364366573057
1.0363281888872986 0.0 0.40733643581800266
0.0 0.0 0.0
0.0 0.0 0.0
0.0 0.0 0.0
0.0 0.0 0.0
0.0 0.0 0.0
0.0 0.0 0.0
0.0 0.0 0.0
0.0 0.0 0.0
0.0 0.0 0.0
0.0 0.0 0.0
0.0 0.0 3.8433162786725523e-17
0.035427939507789205 -0.10875845547462476 0.004350926809069418
0.15616123168120039 -0.27221632473934276 0.02357500488642798
0.313295378957119 -0.3912476034566268 0.05731330540241889
0.4582607731283111 -0.4523445006026786 0.09989337952158259
0.5819468384341308 -0.47300472721069337 0.14643431650094388
0.6847481592843221 -0.4664064342635905 0.19358570764144353
0.7693465672065256 -0.44207655669175994 0.2391245505299845
0.8386695041962602 -0.4068596976553021 0.28163811959638746
0.8953458395179043 -0.3657231129130737 0.3202991658719538
0.9415978528035099 -0.32226008317786414 0.35470519401686906
0.9792633568425804 -0.2790214830377206 0.3847586635024636
1.0098517450735989 -0.23775209841847728 0.41057513115537714
1.0346026473892187 -0.19957212003769254 0.43241206341399074
1.0545374450787568 -0.16512330049061372 0.4506139271513916
1.070501500632635 -0.1346889951959105 0.465570540689911
1.083197665898068 -0.10829270166512996 0.47768632662868626
1.093212485909277 -0.08577789441166538 0.4873584639559339
1.1010366324550893 -0.06687137839807802 0.4949621819549126
1.1070809316002839 -0.051232272875146034 0.5008416534007503
1.1116890893142153 -0.03848872845189806 0.505305155328834
1.1151479573464191 -0.028264431263871 0.5086233741078572
1.1176959556931285 -0.02019682533667188 0.5110299314117328
1.1195300932160264 -0.013948802038552133 0.5127233920617806
1.1208119100107843 -0.009215396677123407 0.513870179224297
1.1216726097433423 -0.005726836071047153 0.5146079663664186
1.1222176695644235 -0.003249141618740503 0.5150492421187401
1.1225313333198406 -0.0015834645361486447 0.5152848620672991
1.1226816506031387 -0.0005654878807729974 0.5153875251509626
1.1227271776168761 -6.66790594193832e-05 0.5154152653147605
1.1227271776168761 0.0 0.5154152643686865
0.0 0.0 0.0
0.0 0.0 0.0
0.0 0.0 0.0
0.0 0.0 0.0
0.0 0.0 0.0
0.0 0.0 0.0
0.0 0.0 0.0
0.0 0.0 0.0
0.0 0.0 0.0
0.0 0.0 0.0
0.0 0.0 4.1021401245602557e-16
0.09826136210639957 -0.23728589020039986 0.010439770856611408
0.3427603526469113 -0.46397949841395103 0.047104101972185564
0.534858202867043 -0.5560867242921025 0.09874945779171147
0.6823800161449816 -0.5869354858704195 0.1562794980166127
0.7961960830826359 -0.5812071692864312 0.21491731902283093
0.8845381499729972 -0.553111885011377 0.27177536628034976
0.9533797481242468 -0.5115219203164432 0.32508987334161543
1.007144569721109 -0.46248929151853013 0.37383166153911274
1.0491800801511177 -0.41028716487548156 0.41748208171859574
1.0820570659715978 -0.3579457419596519 0.4558844513100008
1.1077669271411237 -0.3075686849215649 0.4891367089824434
1.1278593133750692 -0.26054806619897514 0.5175100695863672
1.143543007945328 -0.2177265074563473 0.5413862909098469
1.1557623903270446 -0.1795273062091594 0.5612094496904367
1.1652564555892992 -0.14606154959146578 0.5774495336782688
1.1726046901116367 -0.11721637116479776 0.5905757789313372
1.1782627340417586 -0.09272670366692806 0.6010379916703087
1.1825900105203533 -0.07223235366103484 0.6092542969888891
1.185871036060579 -0.05532215904458209 0.615603934337088
1.1883317923910721 -0.04156702618215131 0.6204238976254753
1.190152272688254 -0.030543640300583 0.6240083979229288
1.1914760904262782 -0.021850567200321948 0.6266103029083521
1.192417850607126 -0.015118330594963285 0.6284438727210583
1.1930688315711924 -0.010014891573742505 0.6296882624301933
1.1935014150627445 -0.00624781777605519 0.6304913966972249
1.193772640168685 -0.0035643610214544357 0.6309739467050208
1.1939272555292537 -0.0017507281230934408 0.6312332631705743
1.1940007235977437 -0.0006321178535570951 0.6313472598690276
1.1940228207072567 -7.572744843287342e-05 0.6313784274856766
1.1940228207072567 0.0 0.631378426470704
0.0 0.0 -2.6645352591003757e-15
0.0 0.0 0.0
0.0 0.0 3.7194004782159076e-16
0.0 0.0 7.299448694665344e-16
0.0 0.0 3.5132807855479625e-16
0.0 0.0 -2.359229326023615e-16
0.0 0.0 -4.727126795316415e-17
0.0 0.0 -2.8383930652065253e-16
0.0 0.0 -4.732265746703532e-17
0.0 0.0 -3.78644322199447e-16
0.0 0.0 -4.7337231938023455e-17
0.517807845724281 -0.5725340823430748 0.03589363459752519
0.7278287704166841 -0.6721452299520398 0.0987427186422388
0.8730230516948564 -0.7072263641982028 0.16817168013922013
0.9778368831060233 -0.6990868605505122 0.2387473035480828
1.05472636945292 -0.6657628247736644 0.30714956784084135
1.1113171060723477 -0.617231828497468 0.3713929698157345
1.1527884586707922 -0.5602133603503724 0.43031301780858616
1.1829128910760445 -0.4994298976970799 0.48331014206799283
1.2045382484781748 -0.4382558993177562 0.5301859794921191
1.219846091800382 -0.3790702718577373 0.5710276009673533
1.2305102067096034 -0.3234848054397805 0.6061200392414413
1.237806741560633 -0.27251215178858246 0.6358783224962443
1.2426980483016774 -0.22670003952925616 0.6607944876678249
1.2458999051037791 -0.18624274053413797 0.6813968242080358
1.2479364964470145 -0.151074407524331 0.6982193346808361
1.2491853501813839 -0.12094647737895346 0.711779719192605
1.2499136276801073 -0.09549060958999846 0.7225643656315531
1.2503069202935757 -0.07426856032445764 0.731018968471043
1.2504916482180066 -0.056810504351945575 0.7375435442300082
1.2505521263141999 -0.042643411044137054 0.7424907682019821
1.2505432999803245 -0.0313110935065098 0.746166719084059
1.2505000556179091 -0.022387481671473832 0.7488332772265427
1.2504438856468267 -0.015484547745655771 0.750711571493594
1.2503875521810173 -0.010256173052497949 0.7519860055703455
1.2503382583186387 -0.0063991319598271975 0.7528085173816927
1.2502997086674352 -0.0036523321874125138 0.7533028401613923
1.2502733239719606 -0.0017955575254177659 0.7535686514666948
1.2502587690499107 -0.0006493005295130196 0.7536856357099443
1.2502538613044745 -7.797782359312828e-05 0.7537176761331885
1.2502538613044745 0.0 0.7537176750927759
0.9100000000000008 0.0 0.046999999999992756
0.9096489650229751 0.0003720784759732022 0.04698029613465836
0.9088682415237505 0.0005507103138309764 0.046932032526070366
0.9080926571686141 0.0004724915421299912 0.0468787157588818
0.9078908577654659 4.8518801671025704e-05 0.046849059349942476
0.9092536803567342 -0.0010326048253113623 0.04689091702810603
0.9141902780643276 -0.003530624950771724 0.047102810198295854
0.9271354975145503 -0.009401620865083383 0.04770947454456306
0.9588285309715585 -0.02501917605769872 0.049308019680591036
1.0393613766229959 -0.07416795126874424 0.05383101709002956
1.2466442066837617 -0.34250676207321057 0.07144794445401294
1.2419854320394086 -0.6655457904886966 0.12415571009097338
1.2562931285887426 -0.7753633644650916 0.1974497207351481
1.2876894519380075 -0.7854530443388795 0.2759041198441289
1.3156646307959448 -0.7571099560927681 0.3532592373284772
1.335949231118492 -0.7075538987767345 0.4266190120897374
1.348469095190212 -0.6464339869140263 0.49438455526204284
1.354459781569161 -0.5798293555787801 0.5557229854875775
1.3554439457775365 -0.5119018589174578 0.6103063308660999
1.3528713576211806 -0.4455405273282362 0.6581555627751595
1.3479866649504566 -0.38270774307501765 0.6995320545813853
1.3417907634754571 -0.3246614037846237 0.7348566595651194
1.3350452687819119 -0.27211863991790247 0.7646477878674947
1.3282976990720872 -0.22538587650124758 0.7894740542521672
1.3219156164755586 -0.1844653351479656 0.8099187039330028
1.3161228892238257 -0.14914249519275619 0.8265537113675127
1.3110340326610288 -0.11905705613150527 0.8399217830511604
1.3066844197087062 -0.09375935210508739 0.8505247138233625
1.3030554070393237 -0.072754050220832 0.858816733618324
1.3000942587127313 -0.05553294759208468 0.8652016639313221
1.2977292604925952 -0.04159863489629314 0.8700328829041094
1.2958806857984178 -0.03048068772336597 0.8736152698785098
1.294468369046025 -0.021745892668804324 0.8762084589832807
1.2934166222514056 -0.015003838411288209 0.8780308732476265
1.2926571389616521 -0.009909032231241875 0.8792641350854312
1.2921303918711402 -0.006160572171319618 0.8800575580524861
1.2917858563697977 -0.003500354810547331 0.8805325244285132
1.2915811755513904 -0.001710885400770505 0.880786654087478
1.2914801029643215 -0.0006140665635132072 0.8808977899801269
1.2914486889891343 -7.300331197175543e-05 0.8809279926690897
1.2914486889891343 0.0 0.8809279916488195
1.6400000000000012 0.0 0.17600000000000002
1.6395995775943177 0.0010709007060005025 0.17593984792287531
1.6388756623613991 0.0013677687195914861 0.17581162094855346
1.6384932154629328 0.0007896179644682921 0.17569546147126122
1.6394086967646362 -0.0011497399475425948 0.17569907092757497
1.6433053396185098 -0.005646875082322389 0.17601066870155052
1.65329944978969 -0.015351193943635837 0.17700201873494448
1.6751835635529828 -0.03635384170883063 0.17945751845375013
1.719032435847266 -0.08351943690739 0.18514488532446483
1.7954940422982932 -0.1987824058397542 0.19843131829290261
1.8510245490103954 -0.404605755741267 0.22792004585766254
1.8282630557416204 -0.6206766899674198 0.27969405558430743
1.7539486060632274 -0.7443175588044386 0.34897438166959793
1.6914923516723495 -0.7716550226595218 0.4253474538429882
1.6447341096983261 -0.747479523004621 0.5015882874144253
1.6064451569482217 -0.6974587562499716 0.5739818495370068
1.5724793010871334 -0.6344987120685259 0.640648729413614
1.5410093307318318 -0.5661183593925123 0.7007009149985586
1.5114572986156798 -0.4970162028381876 0.7538483411620737
1.4838177806251789 -0.43021022362021705 0.8001806948122913
1.4582911950376365 -0.3676046433464437 0.8400303991889669
1.4350967262883463 -0.3103215224978133 0.8738790388045652
1.41438638012028 -0.25892116224253714 0.9022907957222673
1.3962154467851242 -0.21356158513988557 0.9258646307117302
1.3805433573369752 -0.17411907918484723 0.9452003484828831
1.3672494035933553 -0.1402806728884256 0.9608752499071007
1.3561540494642137 -0.11161487924056537 0.9734289035286106
1.347040499818179 -0.08762508620442666 0.9833540924998612
1.3396737272343326 -0.06778899743428682 0.9910923776481722
1.3338157670126285 -0.05158692308693155 0.9970330258836542
1.329237067895601 -0.038521259536561256 1.0015143093884493
1.3257242295244691 -0.02812910347300609 1.0048263948169303
1.3230847116936577 -0.019989600689699124 1.0072152186481012
1.3211491675719493 -0.013727331299649807 1.008886889534637
1.3197720012449867 -0.009012785668005256 1.0100122758414014
1.318830616973218 -0.005560798572330601 1.0107315320980055
1.3182236236517944 -0.0031277017257507686 1.0111583987071937
1.3178679665945976 -0.0015079628319071181 1.0113841845076352
1.3176945366065418 -0.0005312695519074531 1.0114814262392737
1.3176411860441553 -6.150702163511566e-05 1.0115073361874019
1.3176411860441553 0.0 1.011507335231386
2.1900000000000004 0.0 0.3690000000000025
2.1897664704893796 0.0016089784783356329 0.36890742099764834
2.1894288946820475 0.0018033246532659453 0.36872535871446166
2.189625226211788 0.00034813483947556946 0.3686017405999764
2.191296256343663 -0.0037287842434633326 0.3687431227222356
2.1959540848207 -0.012537414361467583 0.36950522114987083
2.2059306594248356 -0.030230919241198393 0.371546768086612
2.2242007683735707 -0.06473703061554123 0.3761118252145953
2.251974630166438 -0.1305914106438037 0.38553911649811146
2.277445768435787 -0.24325639732387577 0.40379046089818355
2.2726641823350473 -0.397054423798939 0.4355614972888314
2.2149387455787086 -0.5494597838648487 0.48315492344324285
2.1182725247337917 -0.6521132217516479 0.5437950566540459
2.0124512146747344 -0.6906732945345809 0.6114411222876368
1.916053219571855 -0.6797733096083396 0.6802810469676885
1.8319915237518123 -0.639291543878211 0.7464097248460457
1.758580105157084 -0.5831321685251574 0.807616768753035
1.6939703089024443 -0.5200450147661422 0.8628052326021158
1.6368767807254474 -0.45552455682436843 0.9115779948994258
1.5864862694084125 -0.39299541264249943 0.9539765210935882
1.542255741083319 -0.33452276912815887 0.9903122941208785
1.5037589649966898 -0.2812542983524592 1.021054547351486
1.4705966195623057 -0.23371225823525338 1.0467540348255069
1.442354561646237 -0.19199592289996903 1.0679911891756777
1.4185925967616793 -0.15592576500058875 1.085341425344413
1.3988499887410673 -0.12514717387107605 1.0993527277669357
1.3826583650972792 -0.09920486460729652 1.1105320695551884
1.3695562667056187 -0.07759563288830724 1.1193381366575614
1.359102183103914 -0.05980502209855682 1.1261784835590976
1.350884644541106 -0.04533206494197199 1.1314097296053376
1.3445290111605086 -0.03370523780699598 1.1353397676339545
1.3397011991044498 -0.024491990466980276 1.1382312299243955
1.3361088676279154 -0.01730361904388686 1.1403056617004974
1.33350067392861 -0.011796793688973645 1.1417480053879634
1.3316641573652845 -0.007672702665478915 1.142711111709252
1.330422680477866 -0.0046745089991366996 1.1433200759630922
1.3296316361731793 -0.002583622982384315 1.143676257225645
1.3291738000659454 -0.001215177717901198 1.1438608820370315
1.3289531958106457 -0.00041308725539560047 1.1439381713629855
1.3288860342115887 -4.52536913058617e-05 1.1439579747877067
1.3288860342115887 0.0 1.1439579739350636
2.5600000000000005 0.0 0.6080000000000025
2.5599497388357015 0.0018244984818867147 0.6078936878691308
2.559954587485974 0.0018075490403831227 0.6076964819010837
2.5603737629437933 -0.00047578596098670867 0.6076077242464121
2.561731721037608 -0.006307519167897394 0.6079099190335031
2.5646982922538184 -0.01820244217668726 0.6090713344067583
2.5698294711739362 -0.040497261831749995 0.6118970706904063
2.5765502311221247 -0.07993090007586894 0.6177420807260584
2.5803796529691545 -0.14452418636948533 0.6287219056404517
2.570112135189388 -0.23803873268473624 0.647610960000385
2.5302326510253863 -0.3511790187927208 0.6769838435032268
2.452227644072705 -0.45998374181584034 0.717702244988395
2.343183486441785 -0.5388243504248562 0.7679817880510185
2.220349130124224 -0.5757214626965318 0.824068998526691
2.098865641206412 -0.574297408987825 0.8818487083884917
1.9866437489687663 -0.5455294327074773 0.9380170162359039
1.8860279631031411 -0.5004131758794099 0.990409652242625
1.7970163266761923 -0.4472417197818783 1.0378311447676365
1.7189070488990346 -0.39165208306389543 1.0797773901775722
1.650863245139947 -0.3372625527046234 1.1162015649266024
1.5920571785389814 -0.28625931427178686 1.1473427771192173
1.541684341110063 -0.2398413336935789 1.173606269715607
1.4989526927909649 -0.19854145977999949 1.1954816474233563
1.4630774362813743 -0.16245478605632618 1.2134883350258423
1.4332853951963453 -0.1313995663978591 1.228140319790257
1.4088255842225135 -0.10502933624668934 1.2399244146489692
1.388981764088884 -0.08290987295671445 1.2492878793024302
1.373083933785313 -0.06457100563009908 1.2566324091483025
1.3605171010177113 -0.04954061274708316 1.2623123629617026
1.350726753559334 -0.03736614073095162 1.2666357291216686
1.3432211462724801 -0.027627471805798675 1.269866784616298
1.3375708890023008 -0.01994385298211468 1.2722297252352468
1.3334064665891576 -0.013976780397417565 1.273912773512865
1.3304143263600028 -0.009430137698505817 1.2750724290783484
1.3283320852089264 -0.0060484475311312754 1.2758376329108225
1.3269432622742277 -0.0036137562883724558 1.2763136853257802
1.3260717284122874 -0.0019413899046475118 1.27658579510605
1.3255757406368611 -0.0008745588109913736 1.2767221479175503
1.3253409113096426 -0.00027753194370821956 1.2767763670943908
1.3252705831982188 -2.6860166260758874e-05 1.2767891995350424
1.3252705831982188 0.0 1.276789198816652
2.75 0.0 0.8749999999999993
2.7500722823433943 0.0017834182137342336 0.8748953446035042
2.7502466434977295 0.0016116775877851753 0.8747084883185909
2.750496596016584 -0.0010388824620236445 0.8746556364001066
2.7507521986832324 -0.007470519025682908 0.8750423006948294
2.7506964637129694 -0.020010301476470933 0.8763533450681843
2.749311134560148 -0.04218197550224035 0.8793654240426417
2.743962363421204 -0.07838025719039773 0.8852572937573512
2.729244540788722 -0.13224555223392542 0.8956303759257787
2.696835322995727 -0.2033621802939673 0.9122814486377331
2.6382586089039934 -0.2840927628374037 0.9366232771334759
2.5500245829786294 -0.3603449174007888 0.9689507202716577
2.4368897445754234 -0.41757716830627056 1.0080582638237485
2.3096043720503197 -0.4475105771546697 1.05155619252933
2.179576877420851 -0.4501566793152386 1.096650802363111
2.055074581431659 -0.4311097762658763 1.1408644282166125
1.9406057226331292 -0.3976808876495693 1.1823933580954107
1.8379949201769417 -0.3564213406027429 1.2201395837973006
1.7475864185146945 -0.3122642489820715 1.2535810413960973
1.6689880120468772 -0.2685570443997211 1.2826074298288324
1.601449215664594 -0.22737882600155657 1.307376749817757
1.5440463718830397 -0.18988387839773957 1.3282059707268252
1.4957789844358804 -0.15659058542898818 1.3454935806592592
1.455626715525231 -0.12760135504579062 1.3596675565765233
1.4225875180777878 -0.10276102967467021 1.3711521485175293
1.3957046511602171 -0.0817666375112053 1.3803479603055149
1.3740855109780958 -0.06424098216673758 1.3876211006067423
1.356913709005211 -0.04978043305982066 1.3932983269797439
1.3434555025862325 -0.03798486117327764 1.3976660198329918
1.3330616594435307 -0.02847551583405144 1.400971506814116
1.3251658197517244 -0.020904921401314974 1.4034257480863752
1.319280342817092 -0.014961584907528625 1.405206733090301
1.3149905010256642 -0.010371376702976925 1.4064631694167102
1.3119477363703926 -0.006896786435882133 1.4073181957749636
1.309862540757036 -0.00433477799174621 1.40787294618277
1.3084973603594692 -0.0025135891788230272 1.4082098454485175
1.3076597354960586 -0.00128847334711274 1.4083955332043987
1.307195624259101 -0.0005359930818951319 1.408483294717242
1.30698243707943 -0.0001459683271575975 1.4085148137388832
1.30692054850185 -9.442778899090803e-06 1.4085209384030866
1.30692054850185 0.0 1.4085209378387926
2.7600000000000002 0.0 1.1520000000000024
2.760154501724757 0.001586480723259464 1.1519068002002655
2.760408363540961 0.0014100950570995355 1.1517414660683456
2.7603805475705516 -0.0009952769159090038 1.1516990807324345
2.7594819300770674 -0.0067050221947145185 1.1520506672284219
2.756664136023027 -0.01750052766254833 1.153209610511044
2.750027842739886 -0.03578682316827489 1.1558004657622098
2.7363423461015093 -0.06406831702356987 1.1607001484229926
2.710794347027206 -0.103735268238957 1.1689936444121563
2.6676106472970087 -0.15337903182017987 1.1817797624827444
2.6019838161343793 -0.2077054800065257 1.1998255402626041
2.512612364782271 -0.2584118641263255 1.2232001896811568
2.4030464697141523 -0.29712343165211574 1.2511080858671115
2.280643342122999 -0.31856863515684636 1.2820493305429774
2.1539241700607055 -0.32191802441230516 1.3142186190887208
2.0301896097630263 -0.3099215225582026 1.3459214057202333
1.9144524791204862 -0.2870302128553295 1.375839763337247
1.8095217545430455 -0.2577675594921566 1.40311507016808
1.7165704816837022 -0.22585155912658525 1.4273048303349287
1.6357132427731322 -0.1939495829095804 1.4482858494651913
1.5664301432590424 -0.16377269719445195 1.4661522499349462
1.5078454584020888 -0.1362875227297102 1.4811301126153955
1.4589057398181748 -0.11193350659470261 1.4935141264302214
1.4184936653368214 -0.09080308641938174 1.5036242671405322
1.3855006808371622 -0.07277609610369368 1.5117781913866857
1.358872354485674 -0.057613496668699735 1.5182749660715114
1.3376351212395905 -0.04501948243551493 1.5233865102455566
1.3209101677568515 -0.03468080148178745 1.5273540403577455
1.3079184752015112 -0.0262904771589428 1.5303876157913519
1.2979799110661179 -0.019561252042654437 1.5326675057971817
1.2905084689112623 -0.014232469749305726 1.5343465476673834
1.2850051744671114 -0.010072882213326344 1.5355529729517379
1.2810497475157687 -0.0068809895297348754 1.5363933806570662
1.2782917951356987 -0.0044839041685260286 1.5369556644922249
1.2764420862097066 -0.002735288758777584 1.5373117772169647
1.2752642941795813 -0.0015125558356566169 1.5375202517235034
1.2745674625971222 -0.0007131490638624092 1.5376283993185473
1.2741992960395883 -0.00024925849633896025 1.5376740654681855
1.2740401466392648 -3.964738833241254e-05 1.5376867270490295
1.2739971756699469 3.88203144796964e-06 1.5376875310360838
1.2739971756699469 0.0 1.5376875306325049
2.5899999999999994 0.0 1.4209999999999983
2.5902392183666554 0.001262685794933922 1.420926328190472
2.590609982622164 0.0012045269792745456 1.4207914909947095
2.5905051683440727 -0.00048399464298525105 1.4207397682215241
2.5890514993062315 -0.004524257707364037 1.4209666813047366
2.584875003495561 -0.0120542912266235 1.4217609454448508
2.5758482678342043 -0.024491632876209087 1.4235411164877514
2.558917470123549 -0.04311884459469101 1.4268656010223737
2.5302311776473854 -0.06836387843415286 1.4323854794773203
2.485826692932788 -0.09900567525512623 1.4407182688084328
2.4228872681489335 -0.1318284918389985 1.452259315186829
2.3410825382982416 -0.1622104817239091 1.467002606285829
2.243187368144539 -0.18556103199968993 1.4844670302106897
2.1345094720891513 -0.19884019028454045 1.5037790996186096
2.021447279371103 -0.20131220856107543 1.5238748302663854
1.9099825050981991 -0.19428635910269632 1.5437249457386495
1.8047300466062641 -0.18024387574119444 1.5624982142891641
1.708665367094884 -0.16192458525792183 1.5796311606486564
1.623307197278106 -0.1417181390704033 1.5948202261500755
1.5490779011363123 -0.12140981821492254 1.6079713926404358
1.4856641860559263 -0.1021722728707367 1.6191378823107787
1.4323077114882778 -0.08467434979589077 1.6284638346251947
1.3880157971665399 -0.06921901906827556 1.6361408386844007
1.3517045174143316 -0.05586712637654124 1.6423777530444579
1.3222906614039176 -0.04453267264248618 1.6473815119312523
1.2987472132168483 -0.035049682312832495 1.651346003028284
1.2801338204195387 -0.02721607348467851 1.6544464277883093
1.2656106953098663 -0.02082081597189836 1.6568371627831249
1.2544419279304595 -0.015659753133148886 1.6586517308225055
1.2459923182725015 -0.011544111677351846 1.6600039608101125
1.2397204774658663 -0.008304487563695711 1.660989753760756
1.2351699974182386 -0.005792140493991691 1.661689100919552
1.2319598438523085 -0.003878750231894237 1.6621681471187957
1.229774705776167 -0.002455321283661758 1.662481183045438
1.2283557739552162 -0.001430589655102689 1.6626725013245802
1.227492281305804 -0.0007290033582136437 1.6627780725274401
1.2270140917084487 -0.00028802301188845473 1.6628269889009704
1.2267856369912582 -5.400729468789071e-05 1.6628425759878969
1.2267015096949907 2.4782395541522144e-05 1.6628429645920833
1.2266840968135666 1.0665864218709222e-05 1.6628407164043248
1.2266840968135666 0.0 1.6628407161533205
2.2399999999999998 0.0 1.6640000000000066
2.240314333992068 0.000799151477973314 1.6639543238397123
2.2408446325421987 0.0008664854663598316 1.6638645636207292
2.2409577081504626 3.327077847302179e-05 1.6638110450356591
2.2397861944624187 -0.002056798574125682 1.6638998046205404
2.2360402009257085 -0.0059673916730465845 1.6642830888753763
2.2278627761159613 -0.012377159175306537 1.6651765887686032
2.2128002098355526 -0.02184819448556298 1.666860562970699
2.1880205627228317 -0.03448135253144967 1.6696516317568713
2.1508664243014195 -0.04958622408744556 1.6738392239272497
2.0996597986661927 -0.06558369370297241 1.6795986298428727
2.0344538545335755 -0.08030434625409669 1.6869134020988112
1.9573379003722786 -0.09161644471461765 1.6955458806236947
1.8720900127293942 -0.09807897148092774 1.7050750386515279
1.7833272746872262 -0.09929038562244825 1.714986637831912
1.6955450720281782 -0.09581520036893927 1.7247768957956628
1.6124044481788427 -0.08881969189344895 1.7340323337977799
1.5364135117925881 -0.07964799805759143 1.7424682946618795
1.4689458494226413 -0.06950833231645848 1.749929667678796
1.4104505691873883 -0.05932073336797778 1.7563683633514902
1.3607208365865944 -0.049693926011141275 1.7618125074056716
1.3191404173701538 -0.040972762210016556 1.7663373366729158
1.2848759144843676 -0.033308438737755665 1.770042287859892
1.257011429845452 -0.026724561457890254 1.7730350392955316
1.2346349978080267 -0.021168745070198967 1.7754214688507561
1.2168892335491193 -0.016548701792412426 1.7772999807505192
1.2029974572701843 -0.012755548860787549 1.778758772225981
1.1922740212013871 -0.009677859905852178 1.7798749393285376
1.184125030046285 -0.00720953376644219 1.7807146563092484
1.1780435902893585 -0.005253771378196164 1.781333931550207
1.17360222602372 -0.0037247235658050054 1.781779634415968
1.1704440776156233 -0.0025478148564773116 1.7820906142472877
1.168273836436244 -0.001659359637375429 1.7822988125193242
1.166848958876071 -0.00100582639218664 1.7824303169246938
1.1659714707271678 -0.0005429230963580853 1.7825063321482981
1.1654805779800046 -0.0002345164832225782 1.7825440514531508
1.165246337007342 -5.1185789506105124e-05 1.7825574046620367
1.165164831660038 3.217077467860292e-05 1.782557621100602
1.1651556672671366 4.098597618612739e-05 1.7825534552348639
1.1651629811326423 1.0050839494054645e-05 1.7825507489273307
1.1651629811326423 0.0 1.7825507488051415
1.709999999999999 0.0 1.8629999999999967
1.7102639877041739 0.000276987319594923 1.862985012925105
1.7108046147090428 0.00035419338060535565 1.862951261911364
1.7111777351950708 0.0001498441251623706 1.8629235594262024
1.7108049167305421 -0.00041734556772732415 1.8629333877675853
1.7088667832035016 -0.001504632814275952 1.8630243651248743
1.7042098902067373 -0.0033052472837425627 1.8632580919045412
1.695345725261023 -0.005975489702149327 1.8637144021799215
1.6806076211426375 -0.009535470773998219 1.8644828478000797
1.6584892144696246 -0.013780230670628875 1.865644322295529
1.6280953265103915 -0.0182594174813652 1.8672467081646411
1.5895360206227322 -0.022364596188011843 1.8692837388549377
1.544071420224745 -0.025502249037388663 1.871687376540245
1.4939147069246657 -0.027271460548063946 1.8743385739510126
1.4417683975800166 -0.02756029631304921 1.877092322791532
1.3902870135142713 -0.026528314626675514 1.8798066059650944
1.3416563844585259 -0.024507413974119627 1.8823650217511751
1.2973844120726405 -0.02188249641420211 1.8846879548628646
1.2582910300374268 -0.01900035743560933 1.886732946986616
1.2246246325515342 -0.016124017692113222 1.8884882196577673
1.1962259852977164 -0.013425149282263727 1.8899636662361892
1.1726848706022797 -0.010998085794016923 1.8911823096784213
1.1534638624292597 -0.008880998480471816 1.8921736159344456
1.137984347833351 -0.007075805765447581 1.8929689058616166
1.1256802341947623 -0.005563544943386711 1.8935985414846896
1.1160278360329001 -0.004314912501206146 1.894090402463966
1.108559844064525 -0.0032968871206879623 1.894469210888333
1.1028694498474185 -0.0024765777041901027 1.8947563704219705
1.098608820323482 -0.0018232673817523209 1.8949700930678095
1.0954846160064784 -0.0013093583551492434 1.8951256706108384
1.0932521856393014 -0.0009106852877488023 1.895235805940653
1.0917093740747303 -0.0006064893550195411 1.895310956909923
1.0906904474057715 -0.00037922677780144264 1.8953596682610947
1.090060383838991 -0.00021430931221466803 1.89538888044063
1.0897096417874668 -9.982255499066595e-05 1.8954042111523346
1.089549470277593 -2.6222034013452232e-05 1.8954102078316375
1.0895078815403034 1.4062028898458488e-05 1.8954105661132605
1.0895266346636125 2.7336466594798572e-05 1.895408295751923
1.089560169811202 2.029501996754699e-05 1.895405776020518
1.0895786386783661 4.209841421391947e-06 1.8954045382086364
1.0895786386783661 0.0 1.8954045381754583
1.0 0.0 2.0
1.0 0.0 2.0000000000000036
1.0 0.0 1.999999999999999
1.0 0.0 2.0000000000000036
1.0 0.0 2.0000000000000013
1.0 0.0 2.0000000000000027
1.0 0.0 2.0000000000000053
1.0 0.0 2.0000000000000027
1.0 0.0 2.0000000000000004
1.0 0.0 1.9999999999999967
1.0 0.0 2.0000000000000107
1.0 0.0 2.0
1.0 0.0 2.0
1.0 0.0 2.0000000000000013
1.0 0.0 1.9999999999999976
1.0 0.0 2.0000000000000027
1.0 0.0 1.9999999999999967
1.0 0.0 2.0000000000000067
1.0 0.0 1.9999999999999987
1.0 0.0 2.0
1.0 0.0 2.0
1.0 0.0 2.0000000000000044
1.0 0.0 2.0000000000000053
1.0 0.0 1.9999999999999958
1.0 0.0 2.0000000000000013
1.0 0.0 2.0000000000000004
1.0 0.0 2.000000000000001
1.0 0.0 2.0
1.0 0.0 2.0
1.0 0.0 2.0000000000000044
1.0 0.0 1.9999999999999996
1.0 0.0 2.0000000000000013
1.0 0.0 2.0000000000000013
1.0 0.0 1.9999999999999998
1.0 0.0 2.0
1.0 0.0 2.0
1.0 0.0 2.000000000000009
1.0 0.0 2.000000000000003
1.0 0.0 2.0000000000000044
1.0 0.0 2.0000000000000027
1.0 0.0 2.0
60001
